,Country,Code,latitude,longitude,Country Code,Population 2018,TotalCases,NewCases,TotalDeaths,NewDeaths,TotalRecovered,ActiveCases,Critical,Tot Cases/1M pop,% Affected of Pop
0,Andorra,AD,42.546245,1.6015540000000001,AND,77006.0,1,0,0,0,0.0,1,0,0,0.0012986001090824091
1,Afghanistan,AF,33.93911,67.709953,AFG,37172386.0,7,0,0,0,0.0,7,0,0.2,1.883118291088444e-05
2,Albania,AL,41.153332,20.168331,ALB,2866376.0,23,8,1.0,0,0.0,22,0,8.0,0.0008024069417271146
3,Armenia,AM,40.069099,45.038189,ARM,2951776.0,6,5,0,0,0.0,6,0,2.0,0.0002032674566091736
4,Argentina,AR,-38.416097,-63.616671999999994,ARG,44494502.0,21,0,1.0,0,0.0,20,1.0,0.5,4.719684243235265e-05
5,Austria,AT,47.516231,14.550072,AUT,8847037.0,361,115,1.0,1.0,4.0,356,1.0,40.1,0.004080462193161394
6,Australia,AU,-25.274398,133.775136,AUS,24992369.0,156,28,3.0,0,26.0,127,1.0,6.1,0.0006241905279167413
7,Azerbaijan,AZ,40.143105,47.576927000000005,AZE,9942334.0,15,4,1.0,1.0,3.0,11,0,1.5,0.0001508700069822639
8,Bosnia and Herzegovina,BA,43.915886,17.679076000000002,BIH,3323929.0,11,4,0,0,0.0,11,0,3.4,0.00033093366314382766
9,Bangladesh,BD,23.684994,90.35633100000001,BGD,161356039.0,3,0,0,0,0.0,3,0,0,1.8592424669026487e-06
10,Belgium,BE,50.503887,4.469936,BEL,11422068.0,399,85,3.0,0,1.0,395,2.0,34.4,0.0034932378269854464
11,Burkina Faso,BF,12.238333,-1.561593,BFA,19751535.0,2,0,0,0,0.0,2,0,0.1,1.0125795286290408e-05
12,Bulgaria,BG,42.733883,25.48583,BGR,7024216.0,23,16,1.0,0,0.0,22,0,3.3,0.00032743867785387014
13,Bahrain,BH,25.930414000000003,50.637772,BHR,1569439.0,195,0,0,0,35.0,160,1.0,114.6,0.012424821863098854
14,Bolivia,BO,-16.290154,-63.588653,BOL,11353142.0,3,1,0,0,0.0,3,0,0.3,2.642440304190681e-05
15,Brazil,BR,-14.235004,-51.92528,BRA,209469333.0,69,17,0,0,0.0,69,2.0,0.3,3.294038273373411e-05
16,Bhutan,BT,27.514162,90.433601,BTN,754394.0,1,0,0,0,0.0,1,0,0,0.00013255672765159852
17,Belarus,BY,53.709807,27.953389,BLR,9485386.0,12,3,0,0,3.0,9,0,1.3,0.00012651040242326459
18,Canada,CA,56.130366,-106.34677099999999,CAN,37058856.0,122,12,1.0,0,9.0,112,1.0,3.2,0.00032920606075913407
19,Switzerland,CH,46.818188,8.227511999999999,CHE,8516543.0,867,215,6.0,2.0,4.0,857,0,100.2,0.010180186960836104
20,Chile,CL,-35.675146999999996,-71.542969,CHL,18729160.0,23,0,0,0,0.0,23,0,1.2,0.00012280315828366034
21,Cameroon,CM,7.369722,12.354722,CMR,25216237.0,2,0,0,0,0.0,2,0,0.1,7.931397535643402e-06
22,China,CN,35.86166,104.195397,CHN,1392730000.0,80796,18,3169.0,11.0,62826.0,14801,4257.0,56.1,0.005801268013182741
23,Colombia,CO,4.570868,-74.297333,COL,49648685.0,9,0,0,0,0.0,9,0,0.2,1.8127368328083614e-05
24,Costa Rica,CR,9.748917,-83.753428,CRI,4999441.0,22,0,0,0,0.0,22,1.0,4.3,0.00044004919750028054
25,Cuba,CU,21.521757,-77.78116700000001,CUB,11338138.0,3,0,0,0,0.0,3,0,0.3,2.6459371018415896e-05
26,Cyprus,CY,35.126413,33.429859,CYP,1189265.0,7,1,0,0,0.0,7,0,5.8,0.0005885988404602842
27,Germany,DE,51.165690999999995,10.451526,DEU,82927922.0,2512,546,5.0,2.0,25.0,2482,9.0,30.0,0.003029136555477659
28,Denmark,DK,56.26392,9.501785,DNK,5797446.0,674,160,0,0,1.0,673,2.0,116.4,0.011625809020040893
29,Dominican Republic,DO,18.735692999999998,-70.162651,DOM,10627165.0,5,0,0,0,0.0,5,0,0.5,4.704923655556303e-05
30,Algeria,DZ,28.033886,1.6596259999999998,DZA,42228429.0,24,4,1.0,1.0,8.0,15,0,0.5,5.683375055226421e-05
31,Ecuador,EC,-1.8312389999999998,-78.183406,ECU,17084357.0,17,0,0,0,0.0,17,1.0,1.0,9.950623251434046e-05
32,Estonia,EE,58.595271999999994,25.013607,EST,1320884.0,19,3,0,0,0.0,19,0,14.3,0.0014384306267620774
33,Spain,ES,40.463667,-3.7492199999999998,ESP,46723749.0,3059,782,86.0,31.0,189.0,2784,190.0,65.4,0.006546991766435522
34,Finland,FI,61.92411,25.748151,FIN,5518050.0,109,44,0,0,1.0,108,0,19.7,0.0019753354898922625
35,France,FR,46.227638,2.213749,FRA,66987244.0,2281,0,48.0,0,12.0,2221,105.0,34.9,0.00340512590725482
36,Georgia,GE,42.315407,43.356891999999995,GEO,3731000.0,25,1,0,0,0.0,25,1.0,6.3,0.0006700616456714018
37,Gibraltar,GI,36.137741,-5.345374,GIB,33718.0,1,0,0,0,1.0,0,0,0,0.002965774956996263
38,Greece,GR,39.074208,21.824312,GRC,10727668.0,117,18,1.0,1.0,0.0,116,2.0,11.2,0.0010906377788723514
39,Guyana,GY,4.860416000000001,-58.93018000000001,GUY,779004.0,1,1,1.0,1.0,0.0,0,0,0,0.00012836904560181977
40,Honduras,HN,15.199998999999998,-86.241905,HND,9587522.0,2,0,0,0,0.0,2,0,0.2,2.0860447569246777e-05
41,Croatia,HR,45.1,15.2,HRV,4089400.0,19,0,0,0,1.0,18,0,4.6,0.00046461583606397026
42,Hungary,HU,47.162494,19.503304,HUN,9768785.0,16,3,0,0,0.0,16,0,1.7,0.00016378700114702086
43,Indonesia,ID,-0.789275,113.921327,IDN,267663435.0,34,0,1.0,0,3.0,30,0,0.1,1.2702519490568445e-05
44,Ireland,IE,53.41291,-8.243889999999999,IRL,4853506.0,43,0,1.0,0,0.0,42,0,8.7,0.0008859574913474919
45,Israel,IL,31.046051000000002,34.851612,ISR,8883800.0,100,3,0,0,4.0,96,2.0,11.6,0.0011256444314369975
46,India,IN,20.593684,78.96288,IND,1352617328.0,74,12,0,0,4.0,70,0,0.1,5.470874760226345e-06
47,Iraq,IQ,33.223191,43.679291,IRQ,38433600.0,83,12,8.0,1.0,24.0,51,0,2.1,0.0002159568710711461
48,Iceland,IS,64.96305100000001,-19.020835,ISL,353574.0,109,24,0,0,0.0,109,0,0,0.030828058624220108
49,Italy,IT,41.87194,12.56738,ITA,60431283.0,15113,"2,651",1016.0,189.0,1258.0,12839,1153.0,250.0,0.02500857047830674
50,Jamaica,JM,18.109581,-77.297508,JAM,2934855.0,2,0,0,0,0.0,2,0,0.7,6.814646720195717e-05
51,Jordan,JO,30.585164000000002,36.238414,JOR,9956011.0,1,0,0,0,0.0,1,0,0.1,1.0044183358174273e-05
52,Japan,JP,36.204824,138.252924,JPN,126529100.0,691,52,19.0,4.0,118.0,554,29.0,5.5,0.0005461194302338355
53,Cambodia,KH,12.565679,104.990963,KHM,16249798.0,5,0,0,0,1.0,4,0,0.3,3.0769613259192515e-05
54,Kuwait,KW,29.311659999999996,47.481766,KWT,4137309.0,80,8,0,0,5.0,75,4.0,18.7,0.0019336240053619393
55,Lebanon,LB,33.854721000000005,35.862285,LBN,6848925.0,68,0,3.0,1.0,1.0,64,3.0,10.0,0.0009928565431801342
56,Liechtenstein,LI,47.166000000000004,9.555373,LIE,37910.0,4,1,0,0,0.0,4,0,0,0.010551305724083354
57,Sri Lanka,LK,7.873054,80.77179699999999,LKA,21670000.0,3,1,0,0,1.0,2,0,0.1,1.3844023996308262e-05
58,Lithuania,LT,55.169438,23.881275,LTU,2789533.0,3,0,0,0,0.0,3,0,1.1,0.0001075448829606963
59,Luxembourg,LU,49.815273,6.129583,LUX,607728.0,19,12,0,0,0.0,19,0,0,0.003126398652028539
60,Latvia,LV,56.879635,24.603189,LVA,1926542.0,16,6,0,0,1.0,15,0,8.5,0.0008305035654556194
61,Morocco,MA,31.791702,-7.09262,MAR,36029138.0,6,0,1.0,0,0.0,5,1.0,0.2,1.6653187761527905e-05
62,Monaco,MC,43.750298,7.412841,MCO,38682.0,1,0,0,0,0.0,1,0,0,0.002585181738276201
63,Moldova,MD,47.411631,28.369884999999996,MDA,3545883.0,6,3,0,0,0.0,6,0,1.5,0.00016921032081430775
64,Mongolia,MN,46.862496,103.84665600000001,MNG,3170208.0,1,0,0,0,0.0,1,0,0.3,3.1543671582432446e-05
65,Malta,MT,35.937496,14.375416,MLT,483530.0,9,2,0,0,0.0,9,0,0,0.0018613116042437907
66,Maldives,MV,3.202778,73.22068,MDV,515696.0,8,0,0,0,0.0,8,0,0,0.0015513015419937328
67,Mexico,MX,23.634501,-102.552784,MEX,126190788.0,12,1,0,0,4.0,8,1.0,0.1,9.50941046504916e-06
68,Malaysia,MY,4.210483999999999,101.97576600000001,MYS,31528585.0,158,9,0,0,26.0,132,2.0,4.9,0.0005011325436901148
69,Nigeria,NG,9.081999,8.675277000000001,NGA,195874740.0,2,0,0,0,0.0,2,0,0,1.0210607044073166e-06
70,Netherlands,NL,52.132633,5.291266,NLD,17231017.0,614,111,5.0,0,2.0,607,1.0,35.8,0.00356334161819932
71,Norway,NO,60.472024,8.468946,NOR,5314336.0,734,105,0,0,1.0,733,0,135.4,0.01381169726566028
72,Nepal,NP,28.394857000000002,84.12400799999999,NPL,28087871.0,1,0,0,0,1.0,0,0,0,3.560255599294087e-06
73,New Zealand,NZ,-40.900557,174.88597099999998,NZL,4885500.0,5,0,0,0,0.0,5,0,1.0,0.00010234367004400778
74,Oman,OM,21.512583,55.923255000000005,OMN,4829483.0,18,0,0,0,9.0,9,0,3.5,0.0003727107021600449
75,Panama,PA,8.537981,-80.782127,PAN,4176873.0,14,0,1.0,0,0.0,13,0,3.2,0.0003351789724035181
76,Peru,PE,-9.189967,-75.015152,PER,31989256.0,22,5,0,0,0.0,22,0,0.7,6.877309056515726e-05
77,French Polynesia,PF,-17.679742,-149.40684299999998,PYF,277679.0,1,0,0,0,0.0,1,0,0,0.00036012806153868314
78,Philippines,PH,12.879721,121.77401699999999,PHL,106651922.0,52,3,2.0,0,2.0,48,1.0,0.5,4.8756739705075355e-05
79,Pakistan,PK,30.375321000000003,69.345116,PAK,212215030.0,21,1,0,0,2.0,19,0,0.1,9.895623321307637e-06
80,Poland,PL,51.919438,19.145135999999997,POL,37978548.0,51,20,1.0,1.0,0.0,50,3.0,1.3,0.0001342863344854574
81,Portugal,PT,39.399871999999995,-8.224454,PRT,10281762.0,78,17,0,0,1.0,77,1.0,7.6,0.0007586248349261537
82,Paraguay,PY,-23.442503,-58.44383199999999,PRY,6956071.0,5,0,0,0,0.0,5,1.0,0.7,7.187965735254858e-05
83,Qatar,QA,25.354826,51.183884,QAT,2781677.0,262,0,0,0,0.0,262,0,90.9,0.009418778672002538
84,Romania,RO,45.943160999999996,24.96676,ROU,19473936.0,50,3,0,0,6.0,44,1.0,2.6,0.0002567534370042091
85,Serbia,RS,44.016521000000004,21.005859,SRB,6982084.0,19,1,0,0,0.0,19,0,2.2,0.00027212505607208395
86,Saudi Arabia,SA,23.885942,45.079162,SAU,33699947.0,45,0,0,0,1.0,44,0,1.3,0.0001335313672748506
87,Sweden,SE,60.128161,18.643501,SWE,10183175.0,683,183,1.0,0,1.0,681,2.0,67.6,0.006707141927738647
88,Singapore,SG,1.352083,103.819836,SGP,5638676.0,187,9,0,0,96.0,91,12.0,32.0,0.0033163813632845723
89,Slovenia,SI,46.151241,14.995463,SVN,2067372.0,89,32,0,0,0.0,89,0,42.8,0.004304982364083484
90,San Marino,SM,43.94236,12.457777,SMR,33785.0,69,0,3.0,0,0.0,66,3.0,0,0.20423264762468551
91,Senegal,SN,14.497401000000002,-14.452361999999999,SEN,15854360.0,5,1,0,0,1.0,4,0,0.3,3.153706614458105e-05
92,Togo,TG,8.619543,0.824782,TGO,7889094.0,1,0,0,0,0.0,1,0,0.1,1.267572676913217e-05
93,Thailand,TH,15.870032,100.992541,THA,69428524.0,70,11,1.0,0,35.0,34,1.0,1.0,0.00010082311414253888
94,Tunisia,TN,33.886917,9.537499,TUN,11565204.0,7,0,0,0,0.0,7,1.0,0.6,6.052638587265732e-05
95,Turkey,TR,38.963745,35.243322,TUR,82319724.0,1,0,0,0,0.0,1,0,0,1.2147756957980082e-06
96,Ukraine,UA,48.379433,31.16558,UKR,44622516.0,1,0,0,0,0.0,1,0,0,2.2410211024407497e-06
97,Vietnam,VN,14.058323999999999,108.277199,VNM,95540395.0,39,0,0,0,16.0,23,0,0.4,4.082042993437488e-05
98,South Africa,ZA,-30.559482,22.937506,ZAF,57779622.0,17,4,0,0,0.0,17,0,0.3,2.9422137791071048e-05
